1,97,294,220101
2,638,132,220101
3,132,50,220101
4,51,51,220101
5,653,122,220101
6,607,172,220101
7,910,6,220101
8,80,14,220101
9,537,92,220102
10,105,2,220102
11,637,119,220102
12,6,111,220102
13,352,280,220102
14,67,253,220102
15,935,85,220102
16,229,15,220102
17,14,56,220103
18,172,19,220103
19,25,54,220103
20,134,161,220104
21,658,283,220104
22,707,192,220105
23,636,113,220105
24,596,118,220105
25,816,63,220105
26,986,48,220105
27,184,116,220106
28,740,158,220106
29,456,226,220106
30,901,53,220106
31,447,31,220106
32,967,24,220106
33,174,33,220106
34,262,137,220106
35,26,284,220107
36,334,126,220107
37,958,277,220107
38,101,161,220107
39,203,214,220108
40,185,14,220109
41,194,227,220109
42,745,195,220109
43,384,202,220109
44,343,204,220109
45,94,105,220109
46,531,7,220109
47,656,121,220109
48,942,16,220109
49,308,56,220109
50,486,23,220110
51,256,225,220110
52,759,76,220111
53,551,235,220111
54,687,253,220111
55,360,237,220111
56,984,226,220111
57,915,100,220112
58,586,72,220112
59,5,80,220112
60,921,55,220112
61,660,97,220112
62,530,36,220113
63,612,210,220113
64,953,114,220113
65,730,185,220113
66,463,102,220113
67,324,174,220113
68,165,249,220114
69,517,84,220114
70,885,239,220114
71,81,32,220114
72,257,76,220115
73,278,160,220115
74,507,204,220115
75,453,170,220115
76,998,205,220115
77,175,162,220115
78,240,221,220116
79,929,222,220116
80,919,26,220116
81,456,279,220116
82,359,39,220116
83,772,50,220116
84,621,282,220116
85,891,242,220116
86,570,56,220117
87,664,212,220117
88,535,94,220118
89,982,61,220118
90,257,83,220118
91,967,246,220118
92,788,10,220119
93,633,121,220119
94,684,260,220119
95,400,225,220119
96,657,231,220119
97,963,279,220119
98,369,205,220119
99,293,148,220120
100,982,156,220120
101,483,104,220120
102,98,90,220120
103,798,27,220120
104,307,241,220120
105,417,99,220120
106,824,17,220121
107,387,76,220121
108,955,222,220121
109,454,200,220121
110,350,69,220121
111,305,243,220121
112,825,206,220121
113,331,203,220121
114,942,214,220121
115,740,189,220122
116,729,289,220122
117,865,17,220122
118,212,297,220122
119,930,105,220123
120,554,296,220123
121,643,93,220123
122,837,99,220123
123,884,142,220123
124,7,146,220123
125,781,167,220124
126,384,95,220124
127,742,257,220124
128,771,277,220125
129,508,22,220125
130,412,21,220125
131,729,68,220125
132,411,87,220125
133,927,185,220126
134,640,149,220126
135,48,261,220126
136,391,16,220127
137,756,41,220127
138,181,217,220127
139,237,127,220127
140,48,132,220127
141,547,22,220128
142,269,281,220128
143,34,84,220128
144,196,32,220128
145,788,229,220128
146,575,292,220128
147,696,26,220128
148,107,104,220129
149,840,290,220129
150,801,192,220129
151,38,236,220130
152,933,139,220130
153,787,34,220130
154,439,254,220130
155,312,81,220130
156,877,202,220131
157,596,177,220131
158,315,214,220131
159,271,269,220131
160,205,74,220131
161,23,237,220201
162,868,36,220201
163,504,5,220201
164,742,22,220202
165,469,29,220202
166,83,167,220202
167,645,230,220202
168,251,117,220202
169,686,174,220202
170,35,5,220203
171,610,88,220203
172,403,264,220203
173,266,67,220203
174,134,124,220203
175,377,134,220204
176,167,97,220204
177,642,118,220204
178,574,138,220205
179,995,149,220205
180,847,262,220205
181,425,42,220205
182,907,255,220205
183,482,140,220206
184,907,278,220206
185,845,180,220206
186,900,50,220206
187,46,148,220206
188,863,75,220206
189,990,13,220206
190,574,101,220207
191,398,193,220207
192,220,261,220207
193,31,113,220208
194,284,38,220208
195,777,87,220208
196,929,120,220208
197,371,105,220208
198,270,185,220209
199,186,135,220209
200,151,71,220209
201,153,234,220209
202,91,192,220209
203,307,39,220209
204,549,274,220210
205,72,281,220210
206,234,151,220210
207,776,186,220210
208,664,255,220210
209,732,204,220210
210,453,199,220210
211,634,32,220211
212,226,127,220211
213,43,132,220211
214,379,37,220211
215,154,69,220211
216,789,290,220211
217,692,154,220212
218,191,13,220212
219,43,288,220212
220,164,32,220212
221,251,41,220212
222,223,73,220212
223,568,220,220212
224,779,142,220212
225,923,242,220213
226,370,19,220213
227,30,256,220213
228,277,126,220214
229,883,275,220214
230,786,173,220214
231,51,201,220215
232,892,198,220215
233,868,219,220215
234,451,286,220215
235,580,27,220216
236,411,259,220216
237,713,131,220217
238,761,153,220217
239,832,237,220217
240,967,187,220217
241,329,90,220218
242,726,42,220218
243,487,59,220218
244,269,43,220218
245,486,22,220219
246,856,185,220219
247,497,76,220219
248,310,2,220219
249,208,115,220219
250,222,189,220219
251,325,160,220219
252,651,226,220219
253,299,223,220219
254,682,138,220219
255,624,252,220219
256,518,213,220220
257,508,22,220220
258,50,138,220220
259,107,254,220220
260,554,215,220220
261,856,168,220221
262,678,144,220221
263,771,54,220221
264,548,122,220221
265,734,71,220221
266,714,243,220221
267,665,4,220222
268,44,194,220222
269,245,94,220222
270,943,63,220222
271,396,260,220223
272,33,274,220223
273,516,215,220223
274,773,115,220223
275,885,273,220223
276,864,63,220223
277,547,18,220223
278,123,101,220224
279,766,213,220224
280,176,156,220224
281,552,65,220225
282,931,208,220225
283,749,263,220225
284,311,149,220226
285,812,188,220227
286,195,182,220227
287,656,290,220227
288,107,251,220227
289,167,51,220227
290,743,39,220227
291,137,1,220227
292,43,227,220301
293,483,102,220301
294,14,169,220301
295,519,51,220301
296,107,160,220302
297,654,251,220302
298,274,258,220302
299,262,97,220302
300,154,51,220303
301,265,268,220303
302,620,79,220303
303,874,194,220303
304,449,170,220303
305,488,272,220304
306,773,32,220304
307,757,100,220304
308,290,183,220305
309,253,189,220305
310,166,90,220305
311,462,102,220306
312,252,46,220306
313,765,3,220306
314,394,63,220306
315,481,155,220306
316,217,219,220307
317,5,228,220307
318,476,152,220307
319,398,225,220307
320,269,207,220307
321,936,72,220307
322,938,122,220307
323,637,144,220307
324,535,182,220308
325,585,132,220308
326,789,230,220308
327,768,174,220308
328,361,260,220309
329,649,300,220309
330,428,245,220309
331,181,207,220310
332,891,96,220310
333,121,77,220310
334,122,249,220311
335,854,48,220311
336,382,81,220311
337,725,210,220311
338,357,210,220311
339,48,260,220311
340,324,227,220312
341,988,104,220312
342,68,54,220312
343,366,272,220312
344,832,84,220312
345,976,109,220313
346,910,294,220313
347,592,123,220313
348,24,107,220313
349,698,177,220313
350,809,96,220313
351,755,73,220314
352,486,242,220314
353,121,145,220314
354,122,263,220314
355,610,167,220314
356,980,32,220314
357,204,206,220314
358,356,216,220315
359,371,29,220315
360,907,214,220315
361,131,292,220315
362,520,262,220315
363,176,238,220316
364,999,175,220316
365,468,171,220316
366,213,109,220316
367,512,237,220316
368,408,135,220317
369,795,174,220317
370,952,84,220317
371,387,32,220318
372,980,20,220318
373,345,19,220318
374,109,175,220318
375,501,162,220318
376,228,12,220318
377,361,61,220319
378,451,22,220319
379,807,57,220319
380,308,38,220319
381,531,113,220320
382,112,104,220320
383,783,139,220320
384,585,168,220320
385,713,191,220320
386,865,104,220320
387,804,257,220320
388,784,281,220321
389,809,295,220321
390,15,69,220321
391,259,4,220321
392,689,198,220322
393,134,213,220322
394,284,73,220322
395,765,61,220323
396,777,162,220323
397,419,216,220323
398,350,148,220323
399,790,218,220323
400,68,108,220324
401,177,188,220324
402,209,257,220324
403,367,262,220324
404,508,111,220324
405,831,25,220324
406,987,26,220325
407,701,228,220325
408,579,95,220325
409,794,150,220325
410,912,122,220326
411,655,28,220326
412,738,186,220326
413,486,127,220327
414,884,103,220327
415,481,2,220327
416,153,164,220327
417,393,211,220327
418,579,183,220327
419,896,120,220327
420,269,261,220328
421,85,104,220328
422,759,169,220328
423,729,33,220328
424,561,251,220328
425,796,223,220328
426,201,184,220328
427,328,260,220328
428,864,269,220329
429,518,1,220329
430,441,117,220329
431,560,82,220330
432,830,41,220330
433,392,207,220330
434,447,210,220330
435,104,49,220330
436,448,81,220330
437,635,7,220331
438,278,257,220331
439,280,142,220331
440,730,55,220331
441,181,100,220331
442,202,196,220401
443,939,140,220401
444,157,213,220401
445,195,160,220401
446,708,121,220401
447,358,259,220401
448,716,249,220401
449,126,191,220402
450,559,187,220402
451,458,297,220402
452,801,92,220402
453,384,30,220402
454,829,85,220402
455,627,243,220402
456,697,285,220403
457,443,21,220403
458,820,110,220403
459,722,29,220403
460,82,107,220403
461,833,72,220403
462,794,23,220403
463,623,181,220403
464,799,274,220403
465,55,282,220404
466,245,114,220404
467,384,192,220404
468,644,117,220404
469,271,188,220404
470,419,47,220404
471,121,298,220405
472,90,262,220405
473,824,19,220405
474,882,205,220405
475,281,70,220405
476,892,3,220406
477,386,249,220406
478,698,187,220406
479,84,81,220406
480,817,41,220406
481,925,56,220406
482,556,235,220407
483,690,226,220407
484,544,153,220407
485,232,174,220407
486,87,234,220407
487,17,125,220407
488,321,300,220407
489,470,55,220407
490,462,72,220407
491,761,294,220408
492,886,300,220408
493,286,112,220408
494,236,6,220408
495,179,23,220409
496,878,152,220409
497,651,77,220409
498,707,188,220409
499,172,11,220409
500,815,100,220409
501,60,226,220409
502,130,203,220410
503,478,260,220410
504,41,248,220410
505,992,94,220411
506,961,26,220411
507,775,78,220411
508,770,294,220412
509,765,258,220412
510,158,31,220412
511,104,289,220412
512,62,122,220412
513,243,183,220412
514,37,135,220412
515,800,282,220413
516,64,256,220413
517,843,182,220414
518,250,240,220414
519,39,145,220414
520,667,57,220414
521,446,112,220414
522,297,195,220414
523,523,39,220414
524,961,290,220414
525,204,55,220414
526,328,277,220414
527,264,59,220414
528,530,288,220415
529,848,10,220415
530,173,110,220415
531,590,8,220416
532,920,139,220416
533,637,140,220416
534,313,109,220416
535,580,165,220417
536,621,286,220417
537,460,65,220417
538,769,19,220418
539,658,299,220418
540,699,268,220418
541,881,166,220419
542,218,99,220419
543,550,206,220419
544,454,262,220419
545,759,27,220420
546,11,51,220420
547,95,296,220421
548,132,218,220421
549,640,145,220421
550,969,132,220421
551,354,134,220421
552,711,277,220421
553,734,9,220422
554,842,70,220422
555,239,167,220422
556,10,148,220422
557,989,296,220423
558,530,23,220423
559,401,283,220423
560,73,113,220424
561,715,259,220424
562,847,240,220424
563,869,127,220424
564,98,217,220424
565,313,210,220424
566,812,226,220424
567,495,262,220424
568,951,75,220424
569,915,217,220425
570,602,183,220425
571,327,33,220425
572,971,80,220425
573,912,6,220426
574,609,281,220426
575,442,4,220426
576,838,13,220426
577,716,300,220427
578,626,262,220427
579,372,76,220427
580,846,182,220427
581,228,228,220427
582,331,17,220427
583,710,89,220427
584,391,104,220427
585,798,120,220427
586,144,128,220428
587,46,73,220428
588,1000,58,220429
589,280,140,220429
590,692,116,220429
591,898,67,220429
592,449,158,220429
593,362,246,220429
594,312,8,220429
595,861,183,220429
596,509,130,220430
597,417,164,220430
598,838,23,220430
599,698,148,220430
600,131,176,220430
601,855,295,220430
602,21,45,220430
603,510,27,220501
604,252,49,220501
605,745,204,220501
606,721,110,220501
607,656,97,220501
608,398,200,220501
609,303,158,220501
610,379,297,220502
611,842,151,220503
612,586,68,220503
613,475,67,220503
614,462,91,220504
615,120,122,220504
616,51,45,220504
617,687,102,220504
618,6,192,220505
619,870,70,220505
620,162,92,220505
621,782,195,220505
622,234,86,220505
623,943,33,220505
624,47,40,220505
625,519,106,220505
626,14,96,220506
627,116,231,220506
628,746,185,220506
629,499,110,220506
630,757,281,220506
631,376,51,220506
632,684,144,220507
633,108,72,220507
634,264,90,220507
635,135,225,220507
636,585,232,220507
637,590,22,220507
638,667,258,220507
639,886,224,220507
640,26,160,220507
641,829,189,220508
642,640,227,220508
643,365,3,220508
644,552,159,220508
645,749,187,220508
646,686,278,220508
647,848,47,220509
648,928,22,220509
649,568,225,220509
650,971,110,220509
651,539,79,220509
652,626,108,220509
653,587,22,220509
654,423,137,220510
655,754,53,220510
656,449,226,220510
657,598,162,220510
658,803,222,220510
659,196,106,220510
660,394,85,220510
661,680,116,220511
662,431,98,220512
663,160,207,220512
664,628,203,220512
665,421,46,220512
666,830,165,220513
667,217,104,220513
668,522,98,220513
669,171,203,220513
670,362,115,220513
671,287,273,220514
672,676,247,220514
673,813,75,220514
674,877,84,220515
675,447,251,220515
676,981,111,220515
677,202,265,220515
678,29,256,220515
679,752,199,220515
680,464,234,220515
681,335,25,220516
682,159,172,220516
683,550,38,220516
684,819,273,220516
685,491,216,220516
686,456,96,220516
687,478,86,220517
688,465,4,220517
689,791,264,220517
690,890,41,220517
691,408,251,220517
692,168,294,220517
693,291,208,220517
694,258,72,220518
695,278,221,220518
696,576,210,220518
697,102,104,220518
698,486,64,220518
699,843,257,220519
700,184,184,220519
701,481,125,220519
702,835,244,220519
703,608,290,220520
704,533,105,220520
705,516,21,220520
706,631,262,220520
707,658,291,220520
708,941,209,220521
709,632,141,220521
710,520,220,220521
711,23,119,220521
712,138,24,220522
713,432,248,220522
714,882,38,220522
715,382,182,220522
716,195,282,220522
717,187,119,220522
718,746,124,220522
719,799,259,220522
720,689,22,220522
721,526,282,220522
722,352,299,220522
723,55,84,220522
724,11,46,220523
725,945,190,220523
726,964,160,220524
727,602,165,220524
728,304,37,220524
729,237,297,220524
730,564,258,220524
731,805,66,220525
732,139,200,220525
733,612,225,220526
734,704,228,220526
735,567,47,220526
736,340,247,220527
737,153,29,220527
738,159,295,220528
739,879,292,220528
740,178,259,220528
741,142,253,220528
742,317,288,220528
743,856,134,220528
744,396,3,220529
745,659,195,220529
746,944,147,220529
747,83,294,220530
748,485,102,220530
749,471,178,220530
750,973,158,220530
751,752,279,220530
752,865,111,220530
753,639,295,220531
754,271,276,220531
755,70,230,220531
756,277,117,220531
757,425,208,220531
758,805,242,220531
759,402,181,220531
760,741,200,220531
761,518,118,220601
762,216,242,220602
763,454,259,220602
764,436,115,220602
765,696,133,220602
766,786,180,220602
767,939,245,220602
768,178,5,220603
769,222,273,220603
770,342,105,220604
771,847,183,220604
772,408,223,220604
773,512,266,220604
774,401,29,220604
775,172,292,220605
776,269,62,220605
777,778,264,220605
778,99,195,220605
779,734,180,220605
780,424,191,220605
781,331,188,220606
782,196,300,220606
783,28,182,220606
784,697,45,220606
785,625,290,220606
786,491,58,220606
787,418,209,220608
788,118,115,220608
789,280,273,220608
790,195,54,220608
791,882,84,220608
792,163,17,220609
793,847,161,220609
794,624,207,220609
795,656,84,220609
796,704,145,220609
797,319,88,220609
798,100,130,220609
799,281,64,220609
800,89,131,220609
801,742,19,220610
802,650,89,220610
803,948,16,220610
804,885,126,220611
805,875,193,220611
806,678,29,220611
807,473,50,220611
808,841,129,220611
809,380,109,220611
810,918,148,220611
811,700,71,220612
812,458,298,220612
813,374,273,220612
814,636,219,220613
815,474,22,220613
816,231,47,220613
817,491,122,220613
818,975,10,220614
819,596,47,220614
820,148,207,220614
821,441,38,220614
822,104,170,220614
823,33,208,220615
824,461,61,220615
825,619,70,220615
826,637,243,220615
827,320,272,220615
828,63,39,220615
829,92,123,220615
830,448,41,220616
831,697,80,220616
832,227,230,220616
833,694,225,220616
834,929,90,220616
835,238,206,220616
836,574,54,220617
837,427,4,220617
838,645,144,220617
839,827,260,220617
840,110,226,220617
841,269,210,220618
842,19,8,220618
843,822,286,220618
844,562,126,220618
845,945,239,220619
846,786,191,220619
847,551,245,220620
848,241,199,220620
849,286,141,220620
850,266,83,220621
851,854,15,220622
852,288,52,220622
853,637,111,220622
854,294,256,220622
855,538,273,220622
856,871,223,220623
857,885,266,220623
858,745,289,220623
859,805,245,220624
860,237,100,220624
861,604,289,220624
862,19,171,220624
863,528,174,220624
864,122,300,220624
865,230,249,220624
866,336,197,220624
867,320,285,220625
868,333,166,220625
869,293,36,220625
870,765,258,220625
871,474,195,220625
872,664,81,220625
873,283,61,220625
874,964,3,220625
875,444,86,220626
876,459,257,220626
877,844,220,220626
878,96,284,220626
879,84,133,220626
880,264,280,220626
881,45,61,220626
882,42,120,220626
883,739,8,220627
884,363,20,220627
885,577,292,220627
886,486,102,220627
887,694,77,220627
888,684,192,220627
889,449,298,220627
890,751,49,220627
891,619,300,220628
892,748,222,220628
893,5,263,220628
894,472,184,220628
895,358,59,220628
896,693,242,220628
897,549,19,220628
898,840,48,220629
899,472,286,220629
900,245,162,220630
901,45,98,220630
902,191,171,220630
903,412,10,220630
904,942,194,220701
905,377,257,220701
906,61,133,220701
907,187,50,220702
908,267,40,220702
909,537,99,220702
910,481,231,220702
911,86,234,220702
912,429,46,220703
913,987,284,220703
914,7,291,220703
915,482,16,220703
916,306,36,220703
917,169,19,220703
918,515,55,220703
919,71,81,220704
920,417,68,220705
921,329,31,220705
922,666,285,220706
923,182,28,220706
924,570,163,220706
925,71,286,220706
926,165,5,220707
927,556,29,220707
928,435,206,220707
929,746,178,220708
930,274,104,220708
931,986,234,220708
932,231,159,220708
933,260,72,220708
934,791,83,220708
935,62,149,220708
936,277,192,220709
937,780,50,220709
938,845,10,220709
939,313,97,220709
940,562,145,220709
941,490,282,220709
942,504,158,220709
943,398,101,220709
944,980,194,220709
945,838,51,220710
946,684,94,220710
947,818,19,220710
948,903,113,220710
949,621,122,220710
950,65,212,220710
951,532,151,220710
952,96,47,220711
953,48,76,220711
954,994,235,220711
955,235,288,220711
956,154,268,220711
957,816,273,220711
958,888,38,220711
959,249,81,220712
960,973,235,220712
961,940,269,220713
962,621,179,220713
963,386,209,220713
964,442,51,220713
965,640,249,220714
966,279,38,220714
967,956,256,220714
968,613,92,220714
969,947,291,220714
970,611,197,220714
971,560,147,220714
972,619,179,220714
973,8,166,220715
974,429,296,220715
975,815,43,220715
976,354,119,220715
977,250,216,220715
978,250,177,220716
979,186,13,220716
980,48,257,220717
981,995,244,220717
982,426,15,220717
983,977,40,220717
984,623,35,220717
985,95,150,220717
986,372,25,220717
987,172,10,220717
988,555,88,220718
989,808,211,220718
990,297,281,220718
991,735,9,220718
992,842,118,220718
993,699,105,220719
994,613,138,220719
995,126,290,220719
996,225,41,220719
997,345,40,220719
998,228,263,220719
999,190,211,220720
1000,292,292,220720
1001,178,67,220720
1002,800,45,220720
1003,24,142,220720
1004,553,285,220721
1005,40,275,220722
1006,8,97,220722
1007,296,276,220722
1008,158,132,220722
1009,666,161,220722
1010,968,279,220722
1011,427,56,220722
1012,653,198,220722
1013,855,9,220723
1014,954,101,220724
1015,997,77,220724
1016,990,85,220724
1017,786,89,220724
1018,415,232,220725
1019,424,266,220725
1020,271,231,220725
1021,56,22,220725
1022,820,185,220725
1023,776,147,220725
1024,963,80,220726
1025,459,259,220726
1026,520,103,220726
1027,778,295,220726
1028,883,112,220726
1029,799,134,220726
1030,183,116,220727
1031,906,56,220727
1032,936,9,220727
1033,372,156,220727
1034,274,64,220727
1035,450,183,220728
1036,374,31,220728
1037,85,96,220728
1038,278,228,220728
1039,461,57,220728
1040,694,153,220728
1041,383,61,220729
1042,986,164,220729
1043,853,229,220730
1044,640,18,220730
1045,763,92,220730
1046,534,217,220730
1047,825,192,220730
1048,490,15,220731
1049,703,1,220731
1050,553,71,220731
1051,299,101,220731
1052,381,281,220801
1053,180,117,220801
1054,262,58,220801
1055,579,54,220802
1056,354,289,220802
1057,825,92,220802
1058,428,192,220802
1059,171,292,220802
1060,458,231,220803
1061,803,146,220803
1062,366,288,220803
1063,793,278,220803
1064,295,299,220803
1065,115,257,220803
1066,669,254,220803
1067,512,123,220803
1068,773,62,220803
1069,377,46,220803
1070,61,25,220804
1071,205,190,220804
1072,450,138,220804
1073,200,283,220804
1074,793,77,220804
1075,219,277,220804
1076,799,7,220804
1077,92,107,220806
1078,237,273,220806
1079,461,108,220807
1080,95,53,220807
1081,818,244,220807
1082,816,154,220807
1083,434,22,220807
1084,278,184,220808
1085,105,220,220808
1086,510,235,220809
1087,535,230,220810
1088,311,24,220810
1089,675,262,220810
1090,845,299,220810
1091,918,176,220810
1092,152,149,220810
1093,174,192,220810
1094,760,233,220811
1095,626,91,220811
1096,782,76,220811
1097,429,273,220811
1098,33,135,220811
1099,73,130,220812
1100,334,252,220812
1101,209,208,220812
1102,375,180,220813
1103,440,45,220813
1104,280,32,220814
1105,400,244,220814
1106,264,272,220814
1107,345,212,220814
1108,71,130,220814
1109,133,135,220815
1110,403,175,220815
1111,757,4,220815
1112,790,168,220815
1113,263,119,220815
1114,675,101,220816
1115,168,274,220816
1116,295,116,220816
1117,935,140,220816
1118,505,263,220816
1119,869,270,220816
1120,400,255,220816
1121,102,157,220816
1122,29,51,220816
1123,358,173,220817
1124,476,11,220817
1125,850,249,220817
1126,789,122,220817
1127,720,276,220817
1128,953,114,220817
1129,857,148,220817
1130,136,98,220818
1131,134,264,220818
1132,670,159,220818
1133,464,130,220819
1134,220,296,220819
1135,253,98,220819
1136,576,283,220819
1137,6,150,220820
1138,373,170,220820
1139,16,283,220820
1140,792,247,220820
1141,488,209,220820
1142,386,42,220821
1143,768,97,220821
1144,169,297,220821
1145,297,77,220821
1146,841,178,220821
1147,360,253,220822
1148,62,34,220822
1149,819,211,220822
1150,211,82,220822
1151,428,295,220823
1152,577,65,220823
1153,251,265,220823
1154,848,179,220823
1155,501,181,220823
1156,722,227,220825
1157,360,157,220825
1158,147,47,220826
1159,172,66,220826
1160,23,183,220826
1161,733,33,220826
1162,68,3,220826
1163,479,251,220826
1164,703,271,220826
1165,647,218,220826
1166,453,275,220827
1167,235,44,220828
1168,335,2,220828
1169,607,274,220828
1170,457,51,220828
1171,214,251,220828
1172,131,273,220829
1173,596,193,220829
1174,383,188,220829
1175,833,144,220830
1176,975,165,220830
1177,488,23,220830
1178,148,228,220830
1179,525,15,220830
1180,479,1,220831
1181,681,117,220831
1182,164,292,220831
1183,376,41,220831
1184,440,92,220831
1185,806,148,220901
1186,906,204,220901
1187,219,3,220901
1188,314,1,220901
1189,574,186,220901
1190,896,275,220901
1191,359,7,220901
1192,55,267,220901
1193,423,211,220901
1194,982,214,220902
1195,428,283,220902
1196,839,207,220902
1197,112,67,220902
1198,233,135,220903
1199,433,287,220903
1200,775,67,220903
1201,670,97,220904
1202,290,112,220904
1203,572,265,220904
1204,633,25,220904
1205,470,5,220904
1206,258,171,220905
1207,615,229,220905
1208,668,59,220905
1209,774,159,220905
1210,610,54,220906
1211,35,49,220906
1212,439,90,220907
1213,224,185,220907
1214,641,276,220907
1215,531,80,220907
1216,246,195,220907
1217,551,275,220908
1218,899,256,220909
1219,210,118,220909
1220,8,230,220909
1221,825,26,220909
1222,75,98,220909
1223,584,61,220910
1224,857,278,220910
1225,862,114,220910
1226,658,178,220910
1227,148,70,220910
1228,953,273,220910
1229,357,54,220911
1230,963,126,220911
1231,97,270,220911
1232,410,125,220912
1233,412,102,220912
1234,827,13,220912
1235,746,82,220912
1236,425,180,220912
1237,180,292,220912
1238,846,166,220913
1239,513,46,220913
1240,854,91,220913
1241,737,116,220913
1242,929,199,220913
1243,848,242,220913
1244,914,177,220913
1245,612,238,220913
1246,288,254,220913
1247,974,56,220914
1248,591,180,220914
1249,593,52,220915
1250,74,17,220915
1251,372,144,220915
1252,787,87,220915
1253,180,132,220915
1254,828,185,220916
1255,298,283,220916
1256,913,247,220916
1257,340,203,220917
1258,27,261,220917
1259,122,10,220917
1260,892,222,220917
1261,384,62,220917
1262,410,197,220917
1263,546,33,220917
1264,492,25,220917
1265,134,136,220918
1266,151,268,220918
1267,996,171,220918
1268,131,86,220919
1269,895,88,220919
1270,228,138,220919
1271,820,23,220919
1272,470,271,220919
1273,310,73,220919
1274,967,2,220919
1275,876,134,220919
1276,798,242,220920
1277,129,216,220920
1278,822,102,220920
1279,508,163,220920
1280,762,154,220920
1281,8,44,220920
1282,540,264,220920
1283,113,193,220920
1284,310,195,220920
1285,563,223,220920
1286,66,200,220921
1287,826,10,220921
1288,360,291,220921
1289,201,2,220921
1290,17,9,220921
1291,737,118,220921
1292,546,245,220922
1293,664,276,220922
1294,355,96,220922
1295,442,246,220923
1296,985,179,220923
1297,144,23,220923
1298,14,218,220923
1299,359,227,220923
1300,312,5,220923
1301,561,207,220924
1302,100,194,220924
1303,539,290,220924
1304,228,34,220924
1305,524,23,220924
1306,900,221,220925
1307,483,92,220925
1308,363,225,220925
1309,429,201,220925
1310,199,237,220925
1311,647,57,220925
1312,395,80,220925
1313,1000,264,220925
1314,816,263,220926
1315,59,17,220926
1316,835,275,220926
1317,365,169,220926
1318,782,225,220926
1319,192,180,220927
1320,187,191,220927
1321,390,68,220927
1322,777,252,220927
1323,369,234,220927
1324,844,102,220928
1325,505,58,220928
1326,180,241,220928
1327,223,84,220929
1328,197,34,220929
1329,407,115,220930
1330,357,262,220930
1331,15,113,220930
1332,280,257,221001
1333,90,116,221001
1334,386,170,221001
1335,556,271,221001
1336,96,271,221001
1337,67,138,221002
1338,142,44,221002
1339,734,129,221002
1340,888,101,221002
1341,977,175,221003
1342,536,197,221003
1343,894,113,221003
1344,397,29,221003
1345,595,44,221003
1346,73,159,221003
1347,458,279,221004
1348,463,8,221004
1349,588,107,221004
1350,674,33,221004
1351,895,34,221005
1352,392,81,221005
1353,197,84,221005
1354,425,256,221005
1355,1000,54,221006
1356,519,55,221006
1357,817,12,221006
1358,811,89,221006
1359,263,89,221006
1360,65,109,221007
1361,257,153,221008
1362,417,250,221008
1363,562,15,221008
1364,609,142,221009
1365,279,136,221009
1366,739,81,221009
1367,146,215,221010
1368,442,291,221010
1369,896,16,221010
1370,401,45,221010
1371,658,25,221010
1372,353,59,221010
1373,2,125,221010
1374,841,241,221010
1375,530,85,221010
1376,59,75,221010
1377,401,134,221011
1378,345,127,221011
1379,191,276,221011
1380,484,56,221012
1381,479,222,221012
1382,522,209,221013
1383,830,60,221013
1384,565,176,221013
1385,916,52,221013
1386,126,68,221013
1387,161,229,221013
1388,701,10,221014
1389,916,110,221014
1390,225,267,221014
1391,230,188,221014
1392,149,174,221015
1393,248,22,221015
1394,849,236,221015
1395,321,101,221015
1396,655,122,221015
1397,144,121,221015
1398,841,281,221015
1399,29,107,221015
1400,713,9,221015
1401,23,243,221015
1402,880,42,221015
1403,748,220,221015
1404,947,95,221015
1405,28,279,221016
1406,583,49,221016
1407,613,115,221016
1408,65,137,221016
1409,260,7,221016
1410,548,191,221016
1411,618,231,221016
1412,386,222,221017
1413,516,65,221017
1414,368,193,221017
1415,649,278,221018
1416,509,187,221018
1417,548,53,221018
1418,21,108,221019
1419,948,177,221019
1420,670,187,221019
1421,260,121,221019
1422,788,43,221019
1423,67,271,221020
1424,1,129,221020
1425,423,247,221020
1426,189,182,221020
1427,861,300,221020
1428,127,89,221020
1429,307,116,221020
1430,517,6,221020
1431,201,129,221020
1432,50,212,221020
1433,200,118,221021
1434,980,150,221021
1435,743,72,221021
1436,952,249,221021
1437,957,258,221021
1438,298,287,221021
1439,79,295,221022
1440,987,240,221022
1441,458,267,221022
1442,823,290,221022
1443,431,204,221022
1444,152,64,221022
1445,320,216,221024
1446,607,237,221024
1447,337,86,221024
1448,269,242,221024
1449,535,277,221024
1450,764,168,221025
1451,203,281,221025
1452,350,200,221025
1453,407,278,221025
1454,95,82,221025
1455,925,266,221025
1456,589,106,221026
1457,407,171,221026
1458,627,154,221026
1459,829,13,221026
1460,808,132,221027
1461,443,94,221027
1462,503,251,221027
1463,610,286,221027
1464,518,76,221027
1465,924,30,221027
1466,746,68,221027
1467,433,169,221028
1468,765,136,221028
1469,710,277,221029
1470,431,63,221029
1471,22,264,221029
1472,39,92,221029
1473,262,204,221030
1474,539,108,221030
1475,503,208,221030
1476,849,29,221030
1477,731,210,221030
1478,496,114,221030
1479,555,17,221030
1480,844,285,221030
1481,811,37,221031
1482,791,222,221031
1483,842,140,221031
1484,57,125,221031
1485,566,248,221031
1486,660,53,221101
1487,519,135,221101
1488,87,194,221102
1489,370,240,221102
1490,708,149,221102
1491,512,234,221102
1492,956,227,221102
1493,500,71,221102
1494,368,227,221103
1495,798,229,221103
1496,987,167,221103
1497,351,175,221103
1498,376,293,221104
1499,2,8,221104
1500,862,200,221105
1501,162,183,221106
1502,561,109,221106
1503,492,83,221106
1504,352,261,221106
1505,453,162,221107
1506,997,66,221107
1507,635,46,221107
1508,615,5,221107
1509,719,284,221107
1510,314,5,221107
1511,464,207,221108
1512,647,186,221108
1513,546,33,221108
1514,351,298,221108
1515,932,213,221108
1516,123,32,221108
1517,205,286,221109
1518,766,217,221109
1519,575,282,221110
1520,830,245,221110
1521,813,94,221110
1522,646,229,221111
1523,281,258,221111
1524,887,223,221111
1525,55,146,221111
1526,843,284,221111
1527,353,88,221112
1528,349,42,221112
1529,924,188,221112
1530,649,22,221112
1531,354,242,221112
1532,309,261,221112
1533,600,68,221112
1534,635,13,221113
1535,473,17,221113
1536,199,136,221113
1537,564,63,221113
1538,996,57,221113
1539,600,117,221113
1540,3,2,221113
1541,460,12,221113
1542,453,138,221113
1543,271,259,221113
1544,591,168,221113
1545,537,63,221113
1546,221,119,221114
1547,903,176,221114
1548,239,88,221114
1549,158,17,221115
1550,834,61,221115
1551,324,233,221116
1552,945,273,221116
1553,42,269,221116
1554,519,9,221117
1555,66,153,221117
1556,896,179,221117
1557,368,96,221117
1558,69,233,221117
1559,194,255,221117
1560,724,253,221117
1561,661,72,221118
1562,218,200,221118
1563,662,91,221119
1564,316,201,221119
1565,606,289,221119
1566,111,139,221119
1567,994,202,221119
1568,369,81,221120
1569,801,171,221120
1570,10,38,221120
1571,386,11,221121
1572,908,208,221121
1573,542,207,221121
1574,88,69,221121
1575,463,53,221122
1576,395,98,221122
1577,279,101,221122
1578,766,81,221122
1579,539,209,221122
1580,501,26,221122
1581,238,196,221123
1582,886,257,221123
1583,310,68,221123
1584,28,298,221123
1585,164,103,221123
1586,754,44,221123
1587,169,145,221124
1588,319,111,221124
1589,151,241,221124
1590,663,233,221124
1591,48,42,221124
1592,199,80,221124
1593,976,1,221124
1594,183,3,221124
1595,417,15,221124
1596,201,93,221125
1597,862,212,221125
1598,34,139,221126
1599,237,67,221126
1600,422,30,221126
1601,889,148,221126
1602,463,107,221126
1603,990,218,221127
1604,76,180,221127
1605,795,92,221127
1606,646,189,221128
1607,89,11,221128
1608,378,143,221128
1609,218,220,221128
1610,745,43,221128
1611,822,275,221128
1612,600,81,221128
1613,794,74,221129
1614,318,168,221129
1615,769,66,221129
1616,907,278,221129
1617,687,76,221129
1618,66,5,221129
1619,450,124,221129
1620,709,246,221130
1621,275,227,221130
1622,160,31,221130
1623,722,278,221201
1624,105,201,221201
1625,109,87,221201
1626,438,42,221201
1627,242,75,221201
1628,614,101,221201
1629,863,264,221202
1630,682,171,221202
1631,109,85,221202
1632,122,82,221203
1633,842,3,221203
1634,167,74,221203
1635,463,234,221203
1636,574,254,221203
1637,997,209,221203
1638,895,167,221204
1639,581,206,221204
1640,7,8,221204
1641,613,266,221205
1642,589,262,221205
1643,907,33,221205
1644,121,260,221205
1645,75,29,221205
1646,31,106,221205
1647,750,179,221205
1648,681,120,221205
1649,538,63,221206
1650,845,81,221206
1651,134,241,221206
1652,32,53,221206
1653,839,193,221207
1654,740,2,221207
1655,863,26,221207
1656,945,153,221207
1657,704,198,221208
1658,672,11,221208
1659,885,263,221208
1660,905,288,221208
1661,979,170,221208
1662,481,109,221209
1663,476,43,221209
1664,635,16,221209
1665,322,234,221209
1666,155,138,221209
1667,716,140,221210
1668,642,130,221210
1669,715,179,221210
1670,695,100,221210
1671,80,224,221210
1672,617,47,221210
1673,349,164,221210
1674,576,48,221210
1675,113,29,221210
1676,183,88,221211
1677,326,28,221211
1678,936,208,221211
1679,514,101,221211
1680,998,44,221211
1681,451,240,221211
1682,441,185,221211
1683,992,141,221211
1684,619,85,221211
1685,241,38,221211
1686,703,63,221212
1687,64,263,221212
1688,245,29,221212
1689,940,192,221213
1690,111,297,221213
1691,124,95,221213
1692,23,186,221213
1693,268,63,221214
1694,969,46,221214
1695,381,5,221215
1696,228,175,221215
1697,674,299,221215
1698,805,263,221215
1699,102,42,221215
1700,376,133,221215
1701,593,49,221216
1702,804,274,221217
1703,153,238,221217
1704,232,163,221217
1705,976,34,221217
1706,13,220,221217
1707,194,230,221217
1708,906,54,221218
1709,124,247,221218
1710,706,67,221218
1711,492,205,221218
1712,259,166,221218
1713,125,263,221218
1714,697,273,221218
1715,196,195,221218
1716,710,60,221219
1717,631,117,221219
1718,517,42,221219
1719,958,186,221220
1720,65,238,221220
1721,514,40,221220
1722,493,228,221220
1723,775,166,221220
1724,757,75,221221
1725,510,15,221221
1726,835,72,221221
1727,817,56,221221
1728,946,51,221221
1729,76,140,221222
1730,327,59,221222
1731,566,227,221222
1732,882,113,221223
1733,148,280,221223
1734,499,287,221223
1735,778,222,221223
1736,875,207,221224
1737,160,291,221224
1738,996,240,221224
1739,257,297,221224
1740,221,138,221224
1741,389,116,221225
1742,240,51,221225
1743,13,9,221225
1744,576,182,221226
1745,448,109,221226
1746,477,85,221226
1747,528,64,221226
1748,968,238,221227
1749,571,157,221227
1750,923,226,221227
1751,380,224,221227
1752,949,167,221227
1753,49,65,221227
1754,157,254,221228
1755,772,233,221228
1756,781,123,221228
1757,753,17,221228
1758,907,28,221228
1759,70,192,221229
1760,272,238,221229
1761,312,270,221230
1762,154,227,221230
1763,505,201,221231
1764,199,281,221231
1765,768,189,221231
1766,570,261,221231
1767,782,176,221231
1768,997,253,221231
1769,827,54,221231
1770,564,20,221231
1771,413,106,230101
1772,154,154,230101
1773,369,20,230101
1774,60,123,230101
1775,204,121,230102
1776,721,175,230102
1777,236,66,230102
1778,962,108,230103
1779,843,54,230103
1780,17,59,230103
1781,436,238,230103
1782,815,112,230103
1783,362,210,230103
1784,32,36,230103
1785,265,127,230104
1786,651,213,230104
1787,270,37,230104
1788,77,11,230104
1789,375,76,230104
1790,162,162,230105
1791,133,245,230105
1792,670,73,230106
1793,188,230,230106
1794,200,289,230106
1795,869,23,230106
1796,273,237,230106
1797,949,65,230106
1798,75,200,230106
1799,266,219,230107
1800,429,270,230107
1801,457,86,230107
1802,741,189,230107
1803,769,175,230108
1804,704,10,230108
1805,700,170,230108
1806,902,181,230108
1807,850,230,230108
1808,971,293,230108
1809,580,26,230108
1810,734,265,230108
1811,726,9,230108
1812,851,124,230109
1813,847,119,230109
1814,967,87,230110
1815,777,198,230110
1816,149,216,230110
1817,951,93,230110
1818,676,151,230110
1819,183,38,230110
1820,567,246,230110
1821,846,126,230110
1822,323,53,230110
1823,362,263,230111
1824,555,219,230111
1825,950,96,230111
1826,198,11,230111
1827,738,253,230111
1828,969,284,230112
1829,522,242,230112
1830,999,243,230112
1831,467,43,230112
1832,245,81,230112
1833,473,281,230112
1834,844,14,230113
1835,125,34,230113
1836,892,271,230113
1837,848,241,230113
1838,874,36,230114
1839,876,158,230114
1840,201,164,230115
1841,293,134,230115
1842,80,169,230116
1843,722,100,230116
1844,681,39,230116
1845,956,148,230116
1846,398,37,230116
1847,343,2,230117
1848,162,151,230117
1849,198,288,230117
1850,968,270,230117
1851,837,231,230117
1852,78,104,230117
1853,875,211,230118
1854,895,225,230118
1855,146,270,230118
1856,416,278,230118
1857,135,236,230118
1858,140,281,230118
1859,880,59,230118
1860,464,296,230119
1861,273,292,230119
1862,906,25,230119
1863,706,214,230119
1864,237,35,230119
1865,130,172,230119
1866,800,13,230119
1867,315,270,230119
1868,427,126,230120
1869,600,169,230120
1870,47,180,230120
1871,592,264,230120
1872,378,85,230120
1873,358,279,230120
1874,214,43,230121
1875,995,126,230121
1876,894,246,230121
1877,754,298,230121
1878,731,172,230121
1879,497,89,230122
1880,811,199,230122
1881,802,72,230122
1882,339,85,230122
1883,353,174,230122
1884,748,202,230122
1885,201,71,230123
1886,692,91,230123
1887,594,294,230123
1888,913,275,230123
1889,423,191,230124
1890,178,147,230124
1891,524,31,230124
1892,792,293,230125
1893,824,82,230125
1894,441,116,230125
1895,577,231,230126
1896,26,228,230126
1897,301,220,230126
1898,476,98,230126
1899,620,129,230126
1900,671,46,230126
1901,917,175,230126
1902,505,277,230126
1903,73,175,230127
1904,890,94,230127
1905,9,48,230127
1906,103,52,230127
1907,901,24,230128
1908,872,209,230128
1909,536,177,230128
1910,89,33,230128
1911,274,80,230128
1912,177,1,230128
1913,431,48,230128
1914,54,287,230128
1915,230,210,230128
1916,168,287,230129
1917,489,2,230129
1918,908,227,230129
1919,777,150,230129
1920,208,58,230129
1921,561,162,230130
1922,319,295,230130
1923,260,163,230130
1924,704,255,230130
1925,289,206,230131
1926,589,27,230131
1927,887,64,230131
1928,187,215,230131
1929,977,136,230131
1930,180,200,230131
1931,727,55,230201
1932,990,88,230201
1933,72,128,230201
1934,910,105,230201
1935,731,206,230201
1936,482,125,230202
1937,72,189,230202
1938,333,168,230202
1939,578,152,230202
1940,675,243,230203
1941,338,110,230203
1942,937,174,230203
1943,370,122,230203
1944,598,152,230203
1945,333,244,230203
1946,553,224,230203
1947,565,28,230204
1948,309,68,230204
1949,355,38,230204
1950,482,137,230204
1951,748,193,230204
1952,266,109,230204
1953,196,287,230204
1954,120,271,230204
1955,56,205,230205
1956,861,22,230205
1957,192,285,230206
1958,114,262,230206
1959,890,196,230206
1960,891,285,230207
1961,80,279,230207
1962,711,57,230207
1963,811,265,230207
1964,166,295,230207
1965,953,90,230208
1966,488,120,230208
1967,636,263,230208
1968,43,20,230208
1969,875,32,230209
1970,440,63,230209
1971,885,186,230209
1972,586,178,230209
1973,234,265,230210
1974,729,142,230210
1975,83,231,230210
1976,153,290,230210
1977,816,235,230210
1978,740,151,230210
1979,435,77,230210
1980,999,149,230210
1981,928,79,230210
1982,490,177,230210
1983,584,154,230211
1984,672,90,230212
1985,950,214,230212
1986,525,245,230212
1987,348,211,230212
1988,961,178,230212
1989,955,253,230212
1990,930,73,230212
1991,945,226,230212
1992,518,266,230213
1993,859,243,230213
1994,465,299,230213
1995,262,161,230213
1996,573,212,230214
1997,479,244,230214
1998,768,294,230214
1999,554,32,230215
2000,589,80,230215
2001,563,97,230215
2002,646,117,230215
2003,246,77,230215
2004,880,84,230216
2005,641,274,230216
2006,182,123,230216
2007,32,24,230216
2008,348,177,230216
2009,229,227,230216
2010,999,166,230216
2011,835,255,230217
2012,573,93,230217
2013,747,147,230217
2014,762,197,230217
2015,523,254,230217
2016,956,44,230217
2017,297,193,230218
2018,432,23,230218
2019,238,250,230218
2020,991,231,230219
2021,787,289,230219
2022,434,67,230220
2023,357,98,230220
2024,64,64,230220
2025,273,48,230220
2026,303,199,230220
2027,2,283,230221
2028,248,44,230221
2029,78,266,230221
2030,608,97,230222
2031,428,77,230222
2032,958,123,230222
2033,578,25,230222
2034,232,189,230223
2035,470,287,230223
2036,502,230,230223
2037,980,76,230223
2038,358,135,230223
2039,159,203,230224
2040,231,216,230224
2041,449,7,230224
2042,730,84,230224
2043,832,77,230225
2044,567,66,230225
2045,646,290,230226
2046,343,56,230226
2047,401,80,230226
2048,594,118,230227
2049,136,209,230227
2050,597,255,230227
2051,196,230,230227
2052,545,170,230227
2053,278,86,230227
2054,388,203,230227
2055,408,1,230227
2056,725,182,230227
2057,993,168,230227
2058,88,8,230228
2059,955,75,230228
2060,257,57,230228
2061,829,244,230228
2062,807,164,230228
2063,908,201,230301
2064,288,182,230301
2065,290,270,230301
2066,210,243,230301
2067,135,33,230301
2068,915,202,230301
2069,497,58,230301
2070,754,195,230302
2071,199,175,230302
2072,80,155,230302
2073,644,280,230302
2074,766,164,230302
2075,113,229,230302
2076,731,147,230302
2077,88,198,230302
2078,986,165,230303
2079,123,239,230303
2080,935,153,230303
2081,917,233,230303
2082,533,173,230303
2083,607,289,230303
2084,5,13,230303
2085,72,146,230303
2086,283,291,230304
2087,512,31,230304
2088,492,200,230304
2089,278,202,230304
2090,308,249,230305
2091,437,14,230305
2092,569,170,230305
2093,500,41,230305
2094,347,63,230305
2095,973,264,230305
2096,114,47,230306
2097,159,155,230306
2098,375,105,230306
2099,306,109,230306
2100,3,92,230306
2101,858,218,230306
2102,347,29,230306
2103,155,116,230306
2104,887,177,230306
2105,892,29,230307
2106,840,270,230308
2107,271,9,230308
2108,785,108,230308
2109,834,207,230308
2110,980,186,230308
2111,943,92,230308
2112,350,226,230308
2113,784,82,230309
2114,627,49,230309
2115,177,273,230309
2116,292,234,230309
2117,793,274,230309
2118,419,141,230309
2119,178,180,230309
2120,618,285,230310
2121,336,24,230310
2122,899,216,230311
2123,778,125,230311
2124,7,15,230312
2125,722,145,230312
2126,522,99,230312
2127,169,126,230312
2128,1,14,230312
2129,837,287,230312
2130,941,55,230312
2131,108,14,230312
2132,764,146,230313
2133,626,13,230313
2134,652,215,230313
2135,572,56,230313
2136,240,224,230313
2137,440,222,230313
2138,469,135,230313
2139,769,223,230313
2140,633,210,230314
2141,509,155,230314
2142,865,277,230314
2143,93,58,230314
2144,158,117,230314
2145,594,78,230315
2146,54,71,230315
2147,42,168,230315
2148,799,222,230315
2149,405,151,230315
2150,950,18,230315
2151,943,69,230315
2152,794,253,230316
2153,598,18,230316
2154,779,94,230316
2155,508,31,230316
2156,927,197,230317
2157,310,233,230317
2158,768,74,230317
2159,622,34,230317
2160,190,24,230317
2161,765,62,230317
2162,127,248,230317
2163,152,83,230317
2164,265,54,230317
2165,187,58,230317
2166,816,254,230318
2167,870,293,230318
2168,420,184,230318
2169,653,179,230318
2170,912,225,230318
2171,86,24,230318
2172,119,177,230318
2173,25,189,230318
2174,865,74,230318
2175,967,32,230318
2176,447,49,230318
2177,671,215,230319
2178,692,163,230319
2179,995,238,230319
2180,328,258,230320
2181,768,55,230320
2182,350,113,230321
2183,835,25,230321
2184,643,20,230321
2185,816,264,230321
2186,394,46,230321
2187,506,85,230321
2188,1,261,230322
2189,175,39,230322
2190,115,176,230322
2191,819,299,230322
2192,791,141,230322
2193,612,135,230323
2194,995,170,230323
2195,502,275,230323
2196,415,140,230324
2197,799,54,230324
2198,456,99,230324
2199,777,239,230324
2200,238,105,230325
2201,318,12,230325
2202,926,201,230325
2203,686,1,230325
2204,19,3,230325
2205,225,28,230326
2206,755,259,230326
2207,177,240,230326
2208,922,293,230326
2209,796,72,230326
2210,537,292,230327
2211,287,111,230327
2212,392,114,230327
2213,436,285,230327
2214,318,119,230328
2215,269,176,230330
2216,399,124,230330
2217,5,115,230330
2218,196,137,230330
2219,715,58,230330
2220,873,287,230330
2221,8,244,230331
2222,839,194,230331
2223,697,113,230331
2224,7,228,230401
2225,168,156,230401
2226,311,91,230401
2227,696,197,230401
2228,257,260,230401
2229,871,171,230401
2230,106,36,230401
2231,777,157,230401
2232,203,285,230402
2233,89,103,230402
2234,4,256,230402
2235,231,219,230402
2236,214,138,230402
2237,346,217,230402
2238,683,140,230402
2239,715,34,230402
2240,185,198,230403
2241,712,160,230403
2242,326,289,230403
2243,300,92,230403
2244,155,242,230403
2245,101,123,230403
2246,945,125,230403
2247,536,254,230403
2248,486,109,230403
2249,86,154,230404
2250,844,169,230404
2251,787,261,230404
2252,15,49,230404
2253,712,16,230405
2254,662,184,230405
2255,671,156,230405
2256,664,21,230405
2257,978,18,230405
2258,486,49,230405
2259,989,11,230406
2260,311,66,230406
2261,147,62,230406
2262,652,49,230406
2263,465,179,230406
2264,580,22,230406
2265,92,116,230407
2266,138,3,230407
2267,975,250,230407
2268,144,194,230407
2269,640,18,230407
2270,147,292,230407
2271,333,253,230408
2272,394,85,230408
2273,766,202,230408
2274,504,28,230408
2275,78,255,230408
2276,269,243,230408
2277,666,61,230408
2278,980,277,230409
2279,344,116,230409
2280,173,177,230410
2281,230,14,230410
2282,488,231,230410
2283,519,12,230410
2284,324,117,230410
2285,464,142,230410
2286,662,69,230410
2287,44,127,230410
2288,622,127,230411
2289,988,247,230411
2290,922,192,230411
2291,541,200,230411
2292,637,170,230411
2293,141,201,230411
2294,510,146,230411
2295,514,165,230411
2296,295,238,230412
2297,779,106,230412
2298,20,48,230413
2299,785,126,230413
2300,824,240,230413
2301,859,135,230414
2302,321,152,230414
2303,723,70,230414
2304,272,26,230414
2305,632,172,230414
2306,314,300,230414
2307,406,84,230414
2308,31,118,230414
2309,575,49,230414
2310,254,192,230414
2311,273,150,230414
2312,199,286,230414
2313,461,285,230415
2314,748,298,230415
2315,642,187,230415
2316,629,219,230415
2317,567,239,230416
2318,36,256,230416
2319,425,51,230416
2320,106,148,230416
2321,234,103,230416
2322,520,169,230417
2323,288,286,230417
2324,649,238,230417
2325,98,144,230417
2326,725,283,230417
2327,159,139,230417
2328,149,49,230418
2329,401,140,230418
2330,852,49,230418
2331,709,232,230418
2332,467,107,230418
2333,667,57,230418
2334,871,86,230418
2335,700,237,230418
2336,861,207,230419
2337,320,36,230419
2338,788,239,230419
2339,624,71,230419
2340,498,283,230419
2341,256,262,230419
2342,517,62,230419
2343,204,89,230420
2344,431,258,230420
2345,719,173,230420
2346,409,198,230421
2347,425,209,230421
2348,131,212,230421
2349,101,294,230421
2350,707,234,230421
2351,26,164,230422
2352,566,231,230422
2353,556,148,230422
2354,805,147,230422
2355,422,207,230422
2356,576,291,230423
2357,590,257,230423
2358,969,116,230423
2359,198,42,230424
2360,360,252,230424
2361,733,131,230424
2362,839,153,230424
2363,37,76,230424
2364,773,178,230424
2365,93,147,230425
2366,253,245,230425
2367,629,65,230426
2368,52,217,230426
2369,761,106,230426
2370,622,236,230426
2371,902,160,230426
2372,483,35,230426
2373,962,249,230426
2374,45,282,230426
2375,414,225,230426
2376,893,25,230426
2377,574,157,230426
2378,625,224,230427
2379,479,36,230427
2380,633,162,230427
2381,834,197,230427
2382,254,271,230428
2383,36,283,230428
2384,85,222,230428
2385,518,80,230428
2386,235,197,230428
2387,31,203,230429
2388,552,226,230429
2389,624,293,230430
2390,112,206,230430
2391,733,174,230430
2392,794,118,230501
2393,395,93,230501
2394,392,135,230501
2395,793,289,230502
2396,974,212,230503
2397,322,95,230504
2398,970,281,230504
2399,932,64,230504
2400,567,129,230504
2401,331,168,230505
2402,530,92,230505
2403,590,45,230505
2404,283,47,230505
2405,270,242,230506
2406,750,269,230506
2407,262,75,230506
2408,275,233,230506
2409,50,32,230506
2410,377,275,230507
2411,576,265,230507
2412,164,3,230507
2413,98,16,230508
2414,41,118,230508
2415,401,267,230508
2416,530,195,230509
2417,878,245,230509
2418,533,175,230509
2419,937,135,230509
2420,85,108,230509
2421,33,198,230510
2422,660,15,230511
2423,276,232,230511
2424,68,229,230511
2425,968,15,230511
2426,193,124,230511
2427,514,213,230511
2428,453,120,230511
2429,907,219,230511
2430,66,106,230512
2431,622,52,230513
2432,775,143,230513
2433,327,231,230513
2434,897,107,230513
2435,545,223,230513
2436,177,108,230513
2437,293,73,230514
2438,317,293,230514
2439,545,113,230514
2440,228,62,230515
2441,940,23,230515
2442,376,119,230515
2443,684,253,230515
2444,329,16,230515
2445,961,96,230516
2446,74,8,230516
2447,442,249,230516
2448,557,245,230516
2449,157,300,230517
2450,181,83,230517
2451,662,211,230517
2452,340,93,230518
2453,460,111,230518
2454,898,188,230518
2455,305,136,230518
2456,202,34,230519
2457,914,252,230519
2458,884,87,230519
2459,790,251,230519
2460,868,103,230520
2461,551,215,230520
2462,852,211,230520
2463,102,1,230520
2464,117,215,230520
2465,563,121,230521
2466,618,67,230521
2467,339,257,230522
2468,813,98,230522
2469,134,152,230522
2470,924,58,230522
2471,145,142,230522
2472,458,141,230523
2473,957,31,230523
2474,902,203,230523
2475,67,81,230524
2476,754,18,230524
2477,330,205,230524
2478,917,50,230524
2479,150,27,230524
2480,264,91,230524
2481,302,281,230524
2482,632,276,230524
2483,48,30,230524
2484,589,227,230525
2485,472,211,230525
2486,881,214,230525
2487,691,180,230525
2488,999,105,230525
2489,442,260,230525
2490,382,60,230525
2491,593,190,230525
2492,294,13,230525
2493,906,24,230525
2494,623,128,230526
2495,733,23,230526
2496,686,31,230526
2497,546,224,230526
2498,295,226,230526
2499,632,245,230526
2500,123,257,230526
2501,900,216,230526
2502,649,223,230526
2503,77,83,230527
2504,690,262,230527
2505,354,68,230527
2506,950,152,230527
2507,913,68,230528
2508,778,179,230528
2509,712,216,230528
2510,876,13,230528
2511,880,56,230528
2512,199,168,230529
2513,37,287,230529
2514,6,82,230529
2515,293,261,230529
2516,71,155,230529
2517,318,262,230530
2518,275,220,230530
2519,86,241,230530
2520,137,90,230531
2521,451,4,230531
2522,297,100,230531
2523,445,273,230601
2524,63,212,230601
2525,85,198,230601
2526,461,159,230601
2527,611,222,230601
2528,505,288,230602
2529,910,227,230602
2530,511,262,230602
2531,636,18,230602
2532,471,171,230603
2533,393,119,230603
2534,513,8,230603
2535,120,186,230603
2536,457,265,230604
2537,344,185,230604
2538,400,68,230604
2539,613,127,230604
2540,829,172,230604
2541,385,87,230604
2542,838,266,230605
2543,105,24,230605
2544,205,149,230605
2545,424,96,230606
2546,279,83,230606
2547,85,140,230606
2548,453,137,230606
2549,112,20,230606
2550,405,265,230606
2551,622,137,230606
2552,254,156,230607
2553,158,242,230607
2554,702,255,230607
2555,385,51,230607
2556,756,274,230607
2557,242,249,230607
2558,443,223,230608
2559,406,293,230608
2560,113,48,230609
2561,793,199,230609
2562,464,233,230610
2563,591,84,230610
2564,440,247,230610
2565,301,47,230610
2566,81,67,230610
2567,225,27,230610
2568,283,212,230610
2569,450,275,230611
2570,861,232,230611
2571,519,265,230611
2572,854,157,230611
2573,906,166,230611
2574,363,129,230611
2575,146,94,230612
2576,578,173,230612
2577,975,222,230612
2578,437,145,230612
2579,526,297,230612
2580,604,292,230613
2581,859,130,230613
2582,129,181,230613
2583,109,235,230613
2584,580,172,230614
2585,902,80,230615
2586,229,225,230615
2587,596,137,230615
2588,314,110,230615
2589,515,73,230615
2590,946,74,230615
2591,365,184,230616
2592,969,148,230616
2593,104,113,230616
2594,245,45,230616
2595,465,106,230617
2596,106,279,230617
2597,290,120,230617
2598,313,29,230617
2599,353,282,230617
2600,799,39,230618
2601,161,174,230618
2602,67,46,230618
2603,223,27,230618
2604,692,14,230618
2605,446,9,230619
2606,281,170,230619
2607,714,261,230619
2608,899,163,230619
2609,975,44,230620
2610,94,144,230620
2611,287,67,230620
2612,811,75,230620
2613,625,209,230621
2614,774,259,230621
2615,889,299,230621
2616,675,241,230621
2617,204,142,230621
2618,759,137,230622
2619,629,16,230622
2620,655,173,230622
2621,639,217,230622
2622,217,275,230622
2623,439,135,230623
2624,285,108,230623
2625,235,173,230623
2626,392,230,230623
2627,524,272,230623
2628,2,124,230624
2629,615,225,230624
2630,192,8,230624
2631,756,36,230624
2632,128,152,230625
2633,651,197,230625
2634,568,170,230625
2635,426,211,230625
2636,114,179,230626
2637,35,149,230626
2638,471,233,230626
2639,952,261,230626
2640,191,277,230627
2641,931,264,230627
2642,935,266,230627
2643,186,84,230627
2644,837,96,230627
2645,443,114,230627
2646,397,277,230628
2647,508,102,230628
2648,874,32,230628
2649,701,277,230628
2650,471,93,230628
2651,380,74,230629
2652,221,95,230629
2653,866,178,230630
2654,393,19,230630
2655,308,232,230630
2656,399,31,230630
2657,24,184,230630
2658,1000,16,230630
2659,781,259,230630
2660,512,47,230701
2661,323,59,230701
2662,961,12,230701
2663,293,3,230701
2664,734,256,230702
2665,59,111,230702
2666,457,85,230702
2667,163,192,230703
2668,493,46,230703
2669,268,71,230703
2670,814,11,230703
2671,347,188,230703
2672,842,97,230703
2673,240,192,230704
2674,559,235,230705
2675,342,132,230705
2676,598,102,230706
2677,449,279,230706
2678,136,235,230706
2679,312,189,230706
2680,202,5,230706
2681,897,78,230706
2682,291,109,230706
2683,682,268,230707
2684,631,187,230707
2685,154,3,230707
2686,459,39,230707
2687,440,156,230707
2688,865,275,230707
2689,590,139,230708
2690,102,36,230708
2691,418,138,230708
2692,365,210,230708
2693,306,142,230708
2694,47,154,230709
2695,711,25,230709
2696,990,144,230710
2697,334,105,230710
2698,950,291,230710
2699,260,126,230711
2700,232,3,230711
2701,263,16,230711
2702,850,64,230711
2703,495,198,230712
2704,655,18,230712
2705,609,112,230712
2706,607,289,230713
2707,727,169,230713
2708,750,208,230713
2709,422,204,230713
2710,638,76,230713
2711,204,291,230713
2712,174,40,230713
2713,384,176,230714
2714,373,132,230714
2715,908,9,230714
2716,576,236,230714
2717,745,210,230715
2718,657,273,230715
2719,721,145,230715
2720,737,77,230715
2721,284,48,230715
2722,452,267,230715
2723,123,216,230715
2724,659,185,230716
2725,657,116,230716
2726,277,49,230716
2727,79,175,230716
2728,389,150,230716
2729,836,294,230717
2730,46,109,230717
2731,589,163,230717
2732,396,208,230717
2733,300,269,230717
2734,188,79,230717
2735,104,267,230718
2736,333,256,230718
2737,110,206,230718
2738,123,259,230719
2739,698,115,230719
2740,98,49,230719
2741,705,89,230719
2742,903,230,230720
2743,265,26,230720
2744,599,24,230720
2745,560,286,230721
2746,396,154,230721
2747,320,223,230721
2748,887,25,230721
2749,115,264,230721
2750,667,289,230721
2751,906,263,230721
2752,960,258,230721
2753,184,247,230722
2754,82,33,230722
2755,977,4,230722
2756,58,87,230723
2757,55,160,230723
2758,367,232,230723
2759,945,22,230723
2760,791,89,230724
2761,20,235,230724
2762,678,122,230724
2763,811,222,230725
2764,941,241,230726
2765,196,8,230726
2766,120,162,230726
2767,526,154,230726
2768,679,194,230727
2769,861,8,230727
2770,704,255,230727
2771,648,261,230727
2772,534,216,230728
2773,300,81,230728
2774,763,270,230728
2775,710,160,230728
2776,761,108,230728
2777,221,264,230729
2778,303,191,230729
2779,210,264,230729
2780,439,236,230730
2781,291,285,230730
2782,547,56,230730
2783,312,213,230730
2784,940,290,230730
2785,293,155,230730
2786,775,169,230730
2787,912,40,230731
2788,599,2,230731
2789,362,57,230731
2790,527,159,230731
2791,711,264,230731
2792,942,260,230802
2793,382,194,230802
2794,884,289,230802
2795,633,79,230802
2796,963,201,230802
2797,118,278,230802
2798,406,203,230802
2799,27,265,230803
2800,730,163,230803
2801,175,236,230803
2802,373,170,230803
2803,366,262,230804
2804,266,195,230804
2805,476,128,230804
2806,466,268,230804
2807,867,116,230804
2808,94,101,230805
2809,558,20,230805
2810,359,218,230805
2811,859,51,230806
2812,963,214,230806
2813,968,163,230806
2814,673,28,230806
2815,569,227,230806
2816,805,228,230807
2817,192,5,230808
2818,315,132,230808
2819,730,244,230808
2820,92,289,230808
2821,3,192,230808
2822,732,211,230808
2823,673,83,230808
2824,2,55,230809
2825,49,272,230810
2826,1,199,230810
2827,609,31,230810
2828,348,118,230810
2829,702,226,230810
2830,101,219,230811
2831,673,40,230811
2832,270,34,230811
2833,255,212,230811
2834,665,191,230811
2835,175,258,230811
2836,121,4,230812
2837,630,18,230812
2838,381,56,230813
2839,345,37,230813
2840,379,240,230813
2841,82,279,230814
2842,925,95,230814
2843,366,298,230815
2844,62,12,230815
2845,249,161,230815
2846,895,97,230815
2847,901,252,230816
2848,136,150,230816
2849,485,236,230816
2850,794,79,230817
2851,986,29,230817
2852,135,279,230817
2853,768,32,230817
2854,914,215,230817
2855,688,178,230817
2856,691,261,230818
2857,388,206,230818
2858,804,104,230818
2859,6,139,230818
2860,773,26,230818
2861,455,183,230818
2862,779,282,230819
2863,34,31,230819
2864,441,176,230819
2865,370,18,230819
2866,335,36,230819
2867,530,251,230819
2868,69,227,230819
2869,668,26,230819
2870,478,52,230820
2871,590,265,230820
2872,363,53,230820
2873,148,210,230820
2874,19,286,230820
2875,394,285,230821
2876,548,86,230821
2877,828,133,230821
2878,261,296,230821
2879,381,131,230821
2880,986,105,230821
2881,386,183,230822
2882,675,100,230822
2883,320,245,230822
2884,101,64,230822
2885,77,16,230822
2886,513,207,230823
2887,89,54,230823
2888,69,173,230823
2889,821,81,230823
2890,972,66,230824
2891,295,198,230824
2892,427,112,230824
2893,712,179,230824
2894,274,297,230824
2895,25,217,230824
2896,230,90,230824
2897,315,193,230824
2898,402,263,230825
2899,790,76,230825
2900,343,267,230825
2901,513,59,230825
2902,785,59,230825
2903,74,231,230826
2904,771,254,230826
2905,972,283,230827
2906,436,213,230827
2907,963,199,230827
2908,527,55,230828
2909,587,139,230828
2910,84,277,230828
2911,309,3,230828
2912,528,251,230828
2913,928,134,230828
2914,681,183,230828
2915,171,180,230829
2916,638,192,230829
2917,527,57,230829
2918,654,134,230829
2919,575,137,230829
2920,714,264,230829
2921,636,243,230829
2922,20,32,230829
2923,632,28,230829
2924,707,188,230829
2925,310,74,230830
2926,628,147,230830
2927,841,81,230830
2928,774,28,230830
2929,863,165,230830
2930,729,34,230830
2931,68,277,230831
2932,225,66,230831
2933,451,96,230831
2934,514,258,230831
2935,206,287,230831
2936,38,79,230831
2937,90,119,230831
2938,864,208,230901
2939,292,28,230901
2940,806,2,230901
2941,356,76,230901
2942,407,61,230902
2943,768,18,230902
2944,673,34,230902
2945,873,111,230902
2946,527,175,230903
2947,172,254,230903
2948,855,252,230903
2949,157,291,230903
2950,798,128,230903
2951,445,26,230903
2952,689,183,230903
2953,762,8,230904
2954,421,48,230904
2955,883,66,230905
2956,207,138,230905
2957,968,15,230905
2958,746,57,230906
2959,526,157,230906
2960,958,132,230906
2961,864,33,230906
2962,805,27,230906
2963,990,275,230906
2964,216,152,230906
2965,655,203,230906
2966,212,25,230907
2967,96,221,230907
2968,925,124,230907
2969,150,192,230908
2970,232,60,230908
2971,397,120,230908
2972,1,76,230909
2973,844,43,230909
2974,368,8,230909
2975,964,214,230909
2976,758,119,230909
2977,444,2,230909
2978,659,22,230909
2979,172,114,230909
2980,684,140,230909
2981,22,203,230910
2982,269,269,230910
2983,722,52,230910
2984,109,166,230911
2985,566,41,230911
2986,13,144,230911
2987,807,261,230911
2988,931,43,230911
2989,776,204,230911
2990,946,128,230912
2991,952,234,230912
2992,21,240,230912
2993,718,58,230912
2994,561,48,230912
2995,911,105,230912
2996,507,57,230913
2997,975,207,230913
2998,185,51,230913
2999,481,250,230913
3000,756,8,230913